1	2	3	4	5	7	8	9	10
1	2	4	6	8	10	3	7	
1	3 	5	7	9	10	2	
2	3	4	1	5	9
3	4 	2	6	10
1	2	3	4
1	2	3
2	3	5
2	3	4	5	6	7	9
1	2	8	9	10
2	1	6	3	9	10
3	4	1	2	5	6	7	8	9
3	5	8
1	3	10	4
2	4	1	5	7
2	3	4	8	9	10
1	2	3	4
1	4	7	8	2	5	9
4	5	7	9
2	1	7	5	6
3	5	8	10
1	4	5	3
2	4	8	10	1	3	5	7
7	8	9	10	5
1	4	6	8	5	9
9	10	7	8
4	5	6	7	8	9	10
8	6	9	10	2
3	6	7	9	1	2
4	5	1	3	2	9	10	7	8	6
1	5	7	9
3	4	6	8	9	10	1	2	5
1	6	8	10	4
2	4	6	10
1	5	7	9	10	3	2	4
1	4	5	3	6	7	8
2	5	8
3	9	10
4	6	8	9
5	2	4	8
6	1	4	8	10
7	1	4	3	2	8	9	10
8	2	4	5
9	1	3	7	8
10	1	3
1	2	4
1	4	8	9
1	6	9	10
1	2	8	6	3
2	5	8
2	6	8	10	3	5
2	7	9	10	3
2	1	5	7	8	9
2	10	6	8
2	4	5	7	8
1	6	5	2
4	6	8
4	5	6	9
4	8	9	10
5	7	3
5	7	8	9	10
2	3	4	5	6	7	8	9	10
3	5	8
3	7	10
3	4	6
3	7	8	10
5	7	9	10	6
5	6	7	8	9	10
5	7	3
5	9	1	2	3	4	6	7	8	10
5	9	10	2	4	6
6	8	9	10
6	7	8	
6	5	2	3	4	10	1
7	8	10
2	6	7	10
8	9	10	2	5	6	7	1	3	4
1	7	9	10	8
2	5	7	9	1	10	6
1	3	5	7	9
2	4	6	8	10
1	2	4	6	8	9	10
2	3	5	7	8	10
2	4	5	6	7	8	9	10
3	5	7	9	2	1	6	4
2	5	6	7	9	10
1	3	5	6	7	8	9
1	2	4	6	3	5	7	8	9
2	6	8	10	1	3	4	5	7	9	10
1	5	6	7	8	9	10	
